RWS: +77.289407-11.516667
SWS: +77.289407-11.516667
